20 11 2017 203 12345
21 11 2017 105 45345
31 1 2018 301 89822
25 12 2019 110 20156
24 12 2010 110 20156
26 12 1910 110 20156
14 12 1911 110 20156
24 12 1912 110 20156
24 12 1913 110 20156
24 12 1914 110 20156
4 12 1915 110 20156
24 12 1916 110 20156
24 12 1917 110 20156
14 12 1918 110 20156
24 12 1930 110 20156
30 12 1940 110 20156
24 12 1919 110 20156
24 12 1920 110 20156
2 12 1921 110 20156
24 12 1922 110 20156
3 12 1923 110 20156
1 12 1924 110 20156
24 12 1925 110 20156
24 12 1926 110 20156
21 12 1927 110 20156
24 12 1928 110 20156
24 12 1929 110 20156
24 12 2025 110 20156
24 12 1931 110 20156
24 12 1932 110 20156
24 12 1933 110 20156
24 12 1934 110 20156
24 12 1935 110 20156
24 12 1936 110 20156
24 12 1937 110 20156
24 12 1938 110 20156
24 12 1939 110 20156
24 12 1941 110 20156
24 12 1942 110 20156
24 12 1943 110 20156
24 12 1944 110 20156
24 12 1945 110 20156
24 12 1946 110 20156
24 12 1947 110 20156
24 12 1948 110 20156
24 12 1949 110 20156
24 12 1950 110 20156
24 12 2090 110 20156
24 12 2091 110 20156
24 12 2092 110 20156
24 11 1956 109 20156
24 12 1956 109 20156
20 12 1910 110 30303
1 1 1911 110 30303
12 12 2020 302 30303
14 12 2020 302 30303